2.1111 2.5448 3.2181
0.693 -1.5085 -1.9375
2.0775 -1.0538 -4.2046
4.571 2.7384 -1.2177
2.0343 -0.3147 -0.5244
4.3381 2.3005 -0.7576
0.7915 -0.2486 0.3756
3.5526 4.1604 2.7369
-1.0397 4.1672 6.1516
0.3929 3.6993 4.3473
5.072 1.3301 -1.3322
0.657 0.7522 5.5756
-1.1551 1.3891 2.0424
2.5973 1.7772 6.4587
2.512 5.1148 4.3816
2.164 1.8702 1.4723
0.4077 -0.1619 1.7288
0.2862 1.7032 3.1285
1.9022 2.6837 0.7382
1.9815 1.6036 1.6687
1.6692 4.1403 1.1845
-0.8805 -0.7494 2.1928
4.2663 3.8825 4.7715
1.7706 4.0726 1.8747
2.4585 3.8444 2.8604
5.0706 7.6764 3.35
