1.6913 0.4445 1.7858
1.2684 0.7882 2.104
-0.0459 -2.5367 -2.802
2.8291 2.4949 -0.4392
3.7414 7.8177 5.7197
4.9622 5.3181 5.1736
0.4893 1.7745 4.648
6.031 5.7751 4.611
2.449 1.7202 3.1181
1.7982 3.5535 2.7016
3.1488 5.0498 6.5269
0.5619 -2.5126 -2.8616
-0.127 3.3092 5.2973
1.8846 0.6704 1.0796
1.8684 3.5258 3.9465
0.3096 1.7857 2.1622
3.071 2.7732 4.0773
-0.7655 0.841 -0.3565
0.2827 0.408 1.5682
3.9063 3.09 3.0324
3.6965 3.6677 1.8128
3.958 0.3168 1.8345
2.2007 3.5143 2.5239
0.3682 2.131 4.8969
0.3791 -1.5022 -2.4666
2.7764 2.4247 -0.1523
-4.4213 -5.0832 -1.8439
4.3768 0.2441 -2.6454
-0.7514 2.521 3.7704
2.558 2.9853 4.674
4.4412 5.1988 2.8999
1.2368 0.4362 4.9448
1.8422 1.3682 -0.18
0.4132 5.2307 2.3483
3.1593 2.2107 -1.1715
-0.3431 1.2997 4.7797
4.4156 3.7549 2.7978
2.8511 3.6647 1.7653
-0.0307 -0.3702 0.1994
2.8374 -0.0106 1.0664
1.1948 3.8133 7.9116
-0.2516 1.5228 4.8234
0.5222 -0.6639 -2.4901
1.6939 2.0925 2.9469
0.9125 0.4101 0.6783
2.3518 1.2326 -0.3859
0.2762 3.3019 3.3199
0.9352 -1.4642 -1.1613
4.5098 1.101 0.5475
-0.4081 -0.2896 0.3677
1.7154 2.7602 0.1465
-0.5465 0.1138 2.8273
6.5023 5.1511 -2.0874
2.3387 1.411 3.1044
3.1326 2.2866 3.3951
1.9557 0.081 1.8815
