-1.4688 -1.9144 -2.7058
5.144 3.5903 -1.0122
1.9642 -1.4097 2.1822
3.1572 0.0285 0.9607
-1.4477 -1.1807 -1.3023
0.6328 0.0742 -5.645
0.6794 -0.8342 1.0437
1.2859 0.9249 -6.2731
2.0385 0.5 0.4011
1.9366 -0.4855 1.1592
1.2278 1.0319 2.4495
-1.2613 -0.0896 1.0122
-0.5093 -0.6527 -0.485
-2.5645 -2.2206 -1.0087
0.9657 0.256 -0.7323
4.6195 3.331 1.3102
0.3406 -0.9923 -0.0158
-0.5083 -0.6594 -1.1101
-1.224 -2.286 -2.7174
-2.4312 -0.077 1.7968
-0.9585 -3.7205 -2.547
1.4178 0.9156 0.7263
2.5305 -0.9911 -1.0409
5.043 3.8483 3.2553
0.1277 -0.3983 1.5323
3.2614 0.441 -0.2675
3.1707 3.516 4.2308
-2.1764 -0.7225 -0.6001
-1.9138 -1.6416 1.4862
0.5153 -1.5009 -3.8713
-0.0886 -1.1312 -2.0481
1.1789 0.2789 -1.7755
-1.6264 -0.7433 -1.6249
-1.2674 0.3067 0.6159
3.9746 3.4996 -5.2923
-0.029 2.1871 3.368
-5.1009 -3.4944 -1.3567
0.3686 -1.8771 -3.7569
0.9481 -0.0313 1.3434
5.2349 2.9151 2.3374
-3.5572 -2.1623 0.774
-1.037 -1.0706 -2.1183
-0.9758 2.7886 4.7393
-1.7945 -3.2925 -1.0703
1.4649 0.5165 3.4577
-2.0282 -0.6411 -2.5932
-3.2922 -3.1885 -3.0532
-1.7404 0.1065 -0.8575
2.2772 0.6191 3.1824
0.2875 0.3162 -0.3256
0.45 1.393 -2.1035
1.9701 0.2122 -0.7507
-0.2711 -0.0992 -0.2374
4.9709 3.5956 1.17
-0.4948 1.9494 1.5174
1.7338 0.5941 -1.0492
-0.8423 -1.1618 -2.6233
-0.9852 -0.744 0.1837
-2.4098 -1.1629 -2.1024
-0.387 -0.6766 -2.1996
0.1577 -0.1931 -3.0619
-1.6922 -1.4139 -0.9223
-0.571 -1.3718 -1.3694
1.5637 -1.5806 -0.6717
2.526 0.847 0.9801
2.9516 2.5072 0.6786
-1.8822 0.514 -0.0221
0.4135 3.4243 2.6591
3.149 1.772 -0.0164
2.7686 1.2477 2.2067
1.7633 -1.3786 4.8823
0.7233 -0.4738 0.5433
-0.8088 -2.8299 -6.587
-1.4816 -0.2673 3.173
-4.5891 -2.501 2.5078
-0.4605 -0.3019 0.5769
1.1568 1.8163 1.4903
1.4982 0.2048 -0.983
-2.6947 1.09 2.878
-0.5671 1.5874 3.6859
-1.2059 -0.7543 -1.0938
3.4475 2.7989 1.7281
1.1503 -0.9891 -1.9338
-3.0909 -0.3892 1.9659
0.042 -0.8625 0.0317
2.0508 1.0608 0.7225
1.0393 -0.0139 3.2479
-1.9292 -0.929 1.6605
2.6751 0.0271 -0.8649
0.3257 1.2246 2.605
2.1565 -0.1757 -2.9217
2.3703 -0.139 -2.1622
-1.3186 0.1238 -0.5852
-1.7547 1.7716 2.0063
-3.6141 -1.4497 2.7979
3.3024 2.2284 0.8001
-0.6191 -0.2181 -0.0524
2.0543 1.0341 -3.7361
2.6076 3.8596 -2.5493
0.5873 3.966 4.1565
