-0.1901 -0.3135 -5.6368
-3.8944 -2.3338 1.4632
-0.7341 -0.7493 -4.0944
-0.8156 0.6504 -0.3094
-0.8176 1.0498 0.4654
0.6147 0.1235 -1.5879
3.3071 4.0496 -2.1661
1.0015 4.0978 1.8878
-0.2932 -1.0014 2.3516
-0.1758 0.3361 1.3888
4.976 3.9036 2.0073
1.3891 -1.7696 -0.7263
-2.7173 -0.9017 -1.7001
0.8705 -2.1813 0.3246
1.3677 0.9278 2.1797
0.9257 0.0983 -2.3287
5.1223 2.4984 2.3662
-2.5266 -2.1883 -2.163
-1.9118 0.3695 1.2143
-0.6105 -0.2571 -3.9703
-0.6406 -0.1812 -0.8533
-2.3595 0.1725 -1.3779
0.9836 1.8786 0.6038
0.285 -0.4624 -0.6223
-1.9976 -0.9412 -3.8107
4.6356 2.4568 -0.3812
-3.46 -1.4612 3.7292
-0.3294 0.2987 -0.6016
-2.1585 -0.089 -0.8357
-1.2681 -1.6824 -4.2814
-0.7013 -0.3382 -0.8337
1.0715 -0.917 -0.4258
-0.896 -0.4764 -0.8669
-0.601 -1.6435 -0.0659
3.1267 -2.5704 -6.9655
-0.6592 2.0626 3.9366
-1.3843 -0.0465 1.9339
1.5392 0.0474 0.1168
2.6591 0.9797 3.3106
-1.7944 -2.2049 -2.3903
-4.9709 -1.5806 -0.6395
1.2289 1.5125 0.1249
1.5744 2.9052 2.1734
-2.5007 -0.5325 3.3267
1.3467 1.246 1.9862
-1.4531 0.5625 4.0599
1.5086 -2.526 0.8605
0.4974 0.3278 0.6549
-4.5922 -2.0347 0.5915
-0.0571 -0.7842 -3.1548
-0.4672 0.554 -0.6345
0.9626 -0.4669 1.1016
1.1489 0.0694 -1.7474
-2.4316 -0.5439 -1.7786
-1.5608 -1.1245 1.3936
2.2679 1.7909 -0.811
0.6148 0.8538 -0.7937
-2.0026 -2.1746 0.785
-0.8774 -2.0336 -2.7434
0.5301 -0.9678 -1.3526
1.7871 2.3346 1.821
0.401 -0.9651 -2.0684
3.5202 1.4858 -3.5215
0.1625 3.3168 -1.6619
2.8671 1.1244 -3.9154
5.0962 4.5261 0.4744
-0.4782 0.052 1.0482
-0.206 -0.6443 -0.7177
-0.5988 1.6768 2.2816
-0.0697 1.2345 -0.3998
0.3392 -0.4052 0.6009
-1.8302 -1.452 -2.9352
-1.2085 0.2054 -0.0933
-1.1761 -1.05 0.0927
0.8201 1.4332 2.0847
0.372 0.4356 -1.2859
0.4792 2.2216 3.6997
0.7579 1.0859 3.3081
-0.8482 -0.9954 2.5443
-0.915 -0.3035 4.0722
1.7084 2.0325 -0.4617
1.0245 2.7831 -1.4305
0.6198 1.7937 0.522
-2.2006 -0.3013 -1.4221
0.983 -0.4307 -1.3438
-0.1829 -0.8924 1.1512
1.9873 -0.0683 -0.6566
1.1548 0.7086 -0.4152
-3.5413 0.7622 2.8726
1.8486 -2.596 -0.4212
-2.9861 -0.9174 -0.7645
-2.3966 -1.7389 0.1369
-0.3022 -0.1108 -2.3559
1.3523 1.8662 0.1082
2.9986 -0.4489 -1.0993
5.6354 1.8697 -0.0797
2.4387 4.895 1.581
-3.8339 -0.8848 -0.0382
-0.3388 1.0863 -1.8874
0.5707 0.6469 0.5661
